0.38418257345379764
0.3763364674697918
0.36764255536068835
0.3603790017977701
0.35459309483395063
0.34983555553693263
0.3458478307221555
0.34245475755743526
0.33950968245670127
0.33688249356828975
0.3344579754263297
0.3321344066999585
0.32982136347115154
0.32743815516573077
0.32491457451111116
0.3221950363031339
0.3192455882117755
0.3160604817975847
0.31266240743500984
0.309091508438514
0.30538448055207496
0.30155169967280565
0.2975602537563154
0.29332323698842533
0.28868370573823665
0.2833551966293053
0.27670864169543086
0.2675252329543025
0.25565519438115336
0.24399162620140036
0.23459990593708824
0.2272860912674401
0.2213633092972014
0.2163054181960453
0.2117836244663552
0.2076174940902956
0.20372350217632676
0.20006935925367283
0.19663714532299592
0.19339998787523477
0.19031362542647354
0.18731889053700104
0.1843496353285051
0.18134307788498785
0.17825279209354505
0.17506591018324436
0.1718228910593046
0.16862778086944877
0.1656270050845734
0.16295217395074738
0.16066643155407462
0.15875730516161848
0.15716757414506521
0.1558287317472376
0.15467943535279116
0.1536710289404084
0.1527668424895672
0.15193964431535797
0.15116909205201193
0.15043970808738175
0.14973940324187193
0.14905843529035853
0.14838868072259462
0.1477231242316172
0.1470554991083556
0.146380034920533
0.14569128608159554
0.14498402749923067
0.14425321267578323
0.143493996007741
0.1427018244045835
0.14187260279583105
0.1410029322791314
0.14009040755035015
0.13913394233384876
0.13813407119007592
0.1370931603012016
0.13601545786902547
0.13490693403685008
0.13377490085323285
0.13262745417267524
0.1314728231592167
0.13031873197184748
0.12917186574300307
0.12803749658487898
0.12691928125629492
0.12581920584024975
0.12473763247207639
0.12367339862961305
0.12262392553472576
0.12158530272510072
0.1205523265108237
0.11951847907698054
0.11847584299522733
0.11741495533698659
0.11632462072588096
0.11519172976286268
0.11400117603210866
0.11273603746920115
0.11137828117156602
0.10991032807576993
0.10831777923013403
0.10659329990812313
0.10474095866986347
0.10277939601754461
0.10074174382403848
0.09867111008518636
0.09661266556741308
0.09460539139745754
0.09267662241200861
0.09084066373328648
0.08910065585177478
0.087451931121036
0.08588537906355816
0.08439007624674551
0.08295504074723417
0.08157026975029898
0.0802272889164583
0.07891940453786955
0.07764178390686592
0.07639143101977466
0.07516708378931522
0.07396903565426521
0.07279887688944008
0.07165915658659243
0.07055298143704544
0.069483586013908
0.06845392339429768
0.06746632773173357
0.06652228906336796
0.06562235840550448
0.06476617568976188
0.06395259257575374
0.06317985179746481
0.06244578501200926
0.061747999082710434
0.061084031968041866
0.060451470173352194
0.05984802790418624
0.059271593033939765
0.058720247171893544
0.05819226732292132
0.05768611571253005
0.057200422967210444
0.05673396841278625
0.05628566000553556
0.055854515426652845
0.05543964515282718
0.05504023782739402
0.054655547947680856
0.05428488570607154
0.053927608733881374
0.05358311546661501
0.053250839853568765
0.05293024715820143
0.05262083062789958
0.05232210884627326
0.052033623614265986
0.05175493823621923
0.05148563611282627
0.05122531956452306
0.050973608826564536
0.050730141171250014
0.05049457012400907
0.05026656474881769
0.05004580898516037
0.049832001023868255
0.04962485271299792
0.04942408898774815
0.04922944732046872
0.04904067718828013
0.048857539556849884
0.04867980637955395
0.04850726011170404
0.04833969323978633
0.04817690782580442
0.048018715066875765
0.04786493487023232
0.04771539544373609
0.0475699329019674
0.04742839088786872
0.04729062020985793
0.047156478494253896
0.047025829852789205
0.04689854456492943
0.04677449877466325
0.046653574201388506
0.046535657864481016
0.04642064182110866
0.046308422916829114
0.04619890254850043
0.04609198643901987
0.045987584423406495
0.045885610245743357
0.04578598136649684
0.04568861877974032
0.045593446839818065
0.045500393096996154
0.04540938814166094
0.04532036545663994
0.045233261277233525
0.045148014458563306
0.04506456634985816
0.044982860675314075
0.0449028434211816
0.044824462728749466
0.04474766879290879
0.04467241376599824
0.04459865166664438
0.04452633829332656
0.04445543114240977
0.04438588933040207
0.044317673520205485
0.04425074585114302
0.04418506987255561
0.044120610480772746
0.04405733385927389
0.04399520742186619
0.043934199758713044
0.043874280585060314
0.043815420692511535
0.04375759190271569
0.04370076702333563
0.043644919806175034
0.04359002490734758
0.04353605784937816
0.04348299498513411
0.0434308134634871
0.04337949119661597
0.04332900682886123
0.04327933970705214
0.043230469852226165
0.04318237793267067
0.043135045238215985
0.04308845365571608
0.0430425856456552
0.04299742421982227
0.04295295291999914
0.04290915579761041
0.04286601739428614
0.04282352272329191
0.042781657251781874
0.04274040688383462
0.04269975794423189
0.04265969716294413
0.04262021166028812
0.042581288932722866
0.042542916839253896
0.04250508358841542
0.0424677777258032
0.04243098812213104
0.04239470396178654
0.042358914731862124
0.04232361021163853
0.04228878046250027
0.042254415818262114
0.04222050687588809
0.04218704448658414
0.0421540197472484
0.04212142399226094
0.04208924878559982
0.04205748591326618
0.042026127376006896
0.041995165382319226
0.04196459234172673
0.041934400858313285
0.04190458372450426
0.04187513391508383
0.041846044581438695
0.04181730904601716
0.04178892079699586
0.041760873483143876
0.04173316090887668
0.041705777029491346
0.04167871594657571
0.04165197190358376
0.04162553928157102
0.041599412595082486
0.04157358648818713
0.04154805573065334
0.04152281521425884
0.041497859949230005
0.04147318506080543
0.04144878578591849
0.041424657469994124
0.04140079556385583
0.041377195620737474
0.04135385329339694
0.04133076433132688
0.04130792457805867
0.04128532996855715
0.04126297652670036
0.04124086036284399
0.04121897767146447
0.04119732472887954
0.04117589789104295
0.04115469359140977
0.04113370833887076
0.0411129387157525
0.04109238137588117
0.041072033042707234
0.04105189050748968
0.04103195062753621
0.041012210324499025
0.04099266658272267
0.04097331644764336
0.040954157024236736
0.04093518547551346
0.04091639902106011
0.04089779493562419
0.040879370547741566
0.040861123238405024
0.040843050439772315
0.04082514963391229
0.040807418351588104
0.04078985417107585
0.04077245471701798
0.04075521765930947
0.04073814071201642
0.040721221632325603
0.040704458219524085
0.04068784831400791
0.04067138979631851
0.0406550805862067
0.04063891864172248
0.04062290195833044
0.04060702856804998
0.04059129653861856
0.04057570397267873
0.040560249006986925
0.040544929811643954
0.040529744589346425
0.04051469157465831
0.04049976903330196
0.04048497526146836
0.04047030858514558
0.04045576735946477
0.04044134996806402
0.04042705482246827
0.04041288036148608
0.040398825050621166
0.040384887381500534
0.04037106587131594
0.0403573590622806
0.0403437655210997
0.04033028383845393
0.040316912628496605
0.04030365052836327
0.040290496197693475
0.04027744831816493
0.04026450559303872
0.04025166674671638
0.04023893052430738
0.040226295691207656
0.04021376103268809
0.04020132535349345
0.04018898747745084
0.04017674624708739
0.04016460052325765
0.0401525491847795
0.04014059112807912
0.040128725266843863
0.040116950531684153
0.04010526586980233
0.04009367024467044
0.04008216263571458
0.0400707420380071
0.040059407461965915
0.04004815793306049
0.04003699249152514
0.04002591019207826
0.0400149101036484
0.04000399130910656
0.03999315290500419
0.03998239400131762
0.039971713721197843
0.03996111120072613
0.03995058558867499
0.03994013604627428
0.039929761746983136
0.039919461876265994
0.039909235631374336
0.03989908222113276
0.03988900086573001
0.03987899079651413
0.03986905125579269
0.03985918149663662
0.03984938078268884
0.039839648387976594
0.03982998359672793
0.039820385703192254
0.03981085401146432
0.03980138783531223
0.039791986498008976
0.039782649332167325
0.03977337567957858
0.03976416489105417
0.039755016326270896
0.03974592935361926
0.03973690335005487
0.03972793770095294
0.039719031799965734
0.039710185048883066
0.03970139685749516
0.039692666643459086
0.039683993832166975
0.03967537785661763
0.03966681815729025
0.039658314182020815
0.03964986538588101
0.03964147123105941
0.03963313118674511
0.03962484472901354
0.03961661134071459
0.03960843051136295
0.03960030173703068
0.0395922245202413
0.03958419836986681
0.03957622280102605
0.0395682973349852
0.039560421499060174
0.03955259482652104
0.03954481685649785
0.039537087133888746
0.039529405209269584
0.03952177063880497
0.03951418298416153
0.039506641812422465
0.039499146696003684
0.039491697212571536
0.03948429294496223
0.03947693348110249
0.039469618413931894
0.03946234734132641
0.03945511986602362
0.039447935595548926
0.039440794142143666
0.03943369512269376
0.039426638158660446
0.039419622876011584
0.03941264890515481
0.03940571588087133
0.039398823442251193
0.039391971232629816
0.039385158899525256
0.03937838609457707
0.03937165247348576
0.039364957695953724
0.0393583014256269
0.03935168333003771
0.03934510308054878
0.03933856035229772
0.03933205482414291
0.039325586178610115
0.03931915410184012
0.03931275828353726
0.039306398416918666
0.039300074198664714
0.039293785328869894
0.03928753151099479
0.03928131245181894
0.03927512786139417
0.03926897745299908
0.03926286094309397
0.03925677805127674
0.039250728500239467
0.03924471201572565
0.039238728326488274
0.03923277716424831
0.03922685826365441
0.03922097136224263
0.0392151162003973
0.039209292521312285
0.03920350007095303
0.039197738598019026
0.03919200785390712
0.039186307592675156
0.03918063757100668
0.039174997548175314
0.039169387286010875
0.039163806548864984
0.03915825510357784
0.03915273271944552
0.03914723916818721
0.03914177422391373
0.03913633766309611
0.03913092926453467
0.03912554880932869
0.03912019608084661
0.03911487086469655
0.0391095729486973
0.03910430212284987
0.03909905817930957
0.039093840912357986
0.03908865011837622
0.0390834855958178
0.03907834714518245
0.039073234568989965
0.03906814767175487
0.0390630862599609
0.039058050142036616
0.03905303912833052
0.03904805303108728
0.039043091664423955
0.03903815484430671
0.03903324238852764
0.03902835411668225
0.039023489850147135
0.03901864941205805
0.039013832627288005
0.03900903932242629
0.03900426932575704
0.03899952246723896
0.03899479857848454
0.03899009749274015
0.038985419044866125
0.03898076307131732
0.03897612941012379
0.03897151790087188
0.03896692838468542
0.03896236070420752
0.03895781470358209
0.038953290228436285
0.03894878712586261
0.038944305244401664
0.03893984443402493
0.03893540454611787
0.03893098543346336
0.03892658695022523
0.03892220895193191
0.03891785129546069
0.03891351383902189
0.03890919644214329
0.038904898965655015
0.03890062127167412
0.03889636322358999
0.038892124686049544
0.03888790552494291
0.038883705607388866
0.03887952480172104
0.03887536297747394
0.03887122000536924
0.038867095757302246
0.038862990106328654
0.038858902926651465
0.03885483409360783
0.03885078348365642
0.038846750974364797
0.03884273644439698
0.03883873977350104
0.03883476084249723
0.03883079953326591
0.03882685572873565
0.03882292931287178
0.038819020170664915
0.03881512818811945
0.03881125325224261
0.03880739525103331
0.03880355407347126
0.038799729609506305
0.03879592175004772
0.03879213038695396
0.038788355413022106
0.03878459672197776
0.03878085420846512
0.03877712776803691
0.03877341729714461
0.0387697226931289
0.03876604385420991
0.038762380679478084
0.03875873306888457
0.03875510092323236
0.0387514841441669
0.03874788263416746
0.03874429629653813
0.038740725035399076
0.03873716875567809
0.03873362736310186
0.03873010076418783
0.03872658886623569
0.038723091577319395
0.0387196088062789
0.03871614046271237
0.038712686456968154
0.03870924670013697
0.03870582110404447
0.03870240958124334
0.038699012045006066
0.03869562840931735
0.03869225858886694
0.038688902499042235
0.03868556005592142
0.038682231176266076
0.038678915777514575
0.03867561377777498
0.038672325095818305
0.03866904965107184
0.03866578736361247
0.03866253815416028
0.03865930194407185
0.038656078655334124
0.03865286821055785
0.03864967053297159
0.0386464855464153
0.03864331317533453
0.03864015334477414
0.03863700598037257
0.038633871008355844
0.038630748355531784
0.03862763794928434
0.03862453971756787
0.03862145358890151
0.038618379492363734
0.03861531735758686
0.03861226711475153
0.03860922869458156
0.038606202028338525
0.038603187047816616
0.0386001836853374
0.03859719187374479
0.03859421154640006
0.03859124263717672
0.03858828508045576
0.03858533881112059
0.03858240376455252
0.03857947987662565
0.03857656708370244
0.03857366532262899
0.03857077453073044
0.03856789464580636
0.03856502560612644
0.03856216735042585
0.038559319817900964
0.03855648294820506
0.03855365668144395
0.038550840958171705
0.0385480357193866
0.038545240906526904
0.0385424564614667
0.038539682326511934
0.038536918444396405
0.03853416475827772
0.03853142121173349
0.03852868774875736
0.038525964313755164
0.038523250851541305
0.03852054730733466
0.0385178536267553
0.03851516975582053
0.03851249564094141
0.038509831228918975
0.03850717646694094
0.03850453130257799
0.03850189568378047
0.038499269558874796
0.03849665287656017
0.038494045585905176
0.038491447636344475
0.03848885897767548
0.03848627956005517
0.03848370933399686
0.038481148250366914
0.03847859626038172
0.0384760533156046
0.03847351936794253
0.03847099436964334
0.03846847827329256
0.03846597103181044
0.03846347259844901
0.03846098292678922
0.03845850197073787
0.03845602968452508
0.0384535660227011
0.03845111094013372
0.03844866439200545
0.03844622633381075
0.03844379672135339
0.03844137551074368
0.0384389626583959
0.03843655812102554
0.0384341618556469
0.038431773819570254
0.03842939397039961
0.03842702226602989
0.038424658664644576
0.03842230312471336
0.03841995560498942
0.03841761606450721
0.03841528446258005
0.038412960758797646
0.03841064491302383
0.0384083368853942
0.03840603663631387
0.038403744126455176
0.03840145931675535
0.03839918216841444
0.038396912642892855
0.03839465070190952
0.03839239630743942
0.03839014942171156
0.03838791000720699
0.03838567802665635
0.0383834534430382
0.038381236219576724
0.03837902631973974
0.0383768237072366
0.038374628346016425
0.03837244020026594
0.03837025923440751
0.03836808541309736
0.0383659187012234
0.038363759063903644
0.03836160646648404
0.038359460874536816
0.038357322253858475
0.03835519057046812
0.038353065790605496
0.03835094788072934
0.03834883680751545
0.03834673253785516
0.038344635038853374
0.03834254427782688
0.038340460222302794
0.03833838284001674
0.03833631209891116
0.03833424796713381
0.038332190413035906
0.03833013940517063
0.03832809491229158
0.03832605690335103
0.038324025347498424
0.038322000214078764
0.0383199814726312
0.038317969092887295
0.03831596304476965
0.03831396329839038
0.0383119698240496
0.03830998259223386
0.03830800157361484
0.038306026739047816
0.038304058059570316
0.03830209550640044
0.03830013905093575
0.03829818866475176
0.0382962443196005
0.038294305987409245
0.03829237364027906
0.0382904472504835
0.038288526790467264
0.03828661223284501
0.038284703550399785
0.0382828007160819
0.038280903703007706
0.03827901248445813
0.038277127033877575
0.03827524732487259
0.038273373331210704
0.038271505026819114
0.03826964238578352
0.03826778538234693
0.03826593399090842
0.038264088186022026
0.03826224794239547
0.038260413234889164
0.03825858403851483
0.038256760328434565
0.03825494207995962
0.0382531292685493
0.03825132186980986
0.0382495198594933
0.038247723213496516
0.03824593190785998
0.03824414591876682
0.03824236522254166
0.038240589795649677
0.03823881961469543
0.03823705465642196
0.03823529489770962
0.03823354031557522
0.03823179088717098
0.03823004658978334
0.038228307400832315
0.038226573297870214
0.03822484425858085
0.03822312026077854
0.03822140128240704
0.038219687301538796
0.038217978296373856
0.03821627424523896
0.03821457512658672
0.038212880918994545
0.03821119160116391
0.03820950715191938
0.03820782755020769
0.03820615277509684
0.038204482805775396
0.038202817621551394
0.0382011572018517
0.03819950152622095
0.03819785057432084
0.03819620432592932
0.038194562760939625
0.03819292585935955
0.038191293601310634
0.038189665967027275
0.03818804293685615
0.038186424491255
0.03818481061079239
0.0381832012761464
0.0381815964681042
0.03817999616756115
0.03817840035552007
0.03817680901309048
0.038175222121487835
0.038173639662032806
0.03817206161615047
0.038170487965369766
0.03816891869132254
0.03816735377574297
0.03816579320046679
0.03816423694743077
0.03816268499867167
0.03816113733632572
0.03815959394262816
0.038158054799912196
0.03815651989060842
0.03815498919724435
0.038153462702443484
0.03815194038892481
0.03815042223950211
0.03814890823708329
0.03814739836466968
0.03814589260535564
0.03814439094232757
0.038142893358863575
0.03814139983833264
0.03813991036419422
0.03813842491999741
0.03813694348938045
0.038135466056070134
0.03813399260388115
0.03813252311671561
0.03813105757856225
0.03812959597349606
0.03812813828567756
0.03812668449935231
0.03812523459885025
0.038123788568585316
0.03812234639305466
0.03812090805683819
0.03811947354459804
0.038118042841078066
0.0381166159311031
0.03811519279957867
0.0381137734314903
0.03811235781190301
0.038110945925960815
0.03810953775888626
0.03810813329597974
0.0381067325226191
0.038105335424259146
0.038103941986431106
0.038102552194742095
0.03810116603487464
0.03809978349258619
0.03809840455370867
0.03809702920414798
0.03809565742988335
0.03809428921696712
0.03809292455152412
0.0380915634197512
0.03809020580791681
0.03808885170236049
0.03808750108949249
0.038086153955793144
0.038084810287812645
0.038083470072170396
0.03808213329555471
0.03808079994472226
0.038079470006497695
0.03807814346777321
0.03807682031550811
0.038075500536728334
0.03807418411852608
0.038072871048059356
0.038071561312551606
0.038070254899291216
0.03806895179563115
0.0380676519889886
0.03806635546684438
0.038065062216742836
0.03806377222629113
0.038062485483159
0.03806120197507838
0.03805992168984297
0.03805864461530783
0.038057370739389036
0.038056100050063206
0.03805483253536733
0.03805356818339812
0.03805230698231182
0.038051048920323835
0.038049793985708215
0.03804854216679745
0.03804729345198202
0.03804604782971009
0.038044805288487096
0.03804356581687539
0.03804232940349391
0.03804109603701793
0.03803986570617848
0.03803863839976226
0.03803741410661106
0.0380361928156216
0.03803497451574516
0.03803375919598711
0.03803254684540679
0.03803133745311697
0.03803013100828376
0.038028927500126014
0.038027726917915235
0.03802652925097506
0.03802533448868118
0.03802414262046079
0.038022953635792424
0.03802176752420561
0.03802058427528044
0.03801940387864756
0.038018226323987464
0.03801705160103058
0.03801587969955671
0.03801471060939482
0.038013544320422823
0.03801238082256706
0.03801122010580227
0.03801006216015112
0.03800890697568406
0.03800775454251894
0.038006604850820656
0.03800545789080106
0.03800431365271856
0.03800317212687786
0.03800203330362967
0.03800089717337052
0.03799976372654234
0.03799863295363236
0.03799750484517261
0.037996379391739984
0.037995256583955694
0.03799413641248516
0.037993018868037604
0.03799190394136593
0.03799079162326654
0.037989681904578805
0.03798857477618503
0.0379874702290102
0.03798636825402157
0.03798526884222861
0.03798417198468263
0.03798307767247664
0.03798198589674496
0.03798089664866314
0.0379798099194476
0.03797872570035547
0.037977643982684356
0.03797656475777203
0.037975488016996226
0.037974413751774475
0.03797334195356384
0.03797227261386061
0.037971205724200215
0.03797014127615692
0.037969079261343575
0.03796801967141144
0.03796696249804996
0.03796590773298655
0.037964855367986376
0.03796380539485214
0.037962757805423825
0.03796171259157854
0.037960669745230304
0.03795962925832979
0.037958591122864156
0.03795755533085691
0.03795652187436747
0.037955490745491254
0.0379544619363593
0.03795343543913803
0.03795241124602922
0.03795138934926966
0.03795036974113105
0.03794935241391971
0.03794833735997643
0.037947324571676336
0.03794631404142857
0.03794530576167623
0.03794429972489609
0.03794329592359847
0.03794229435032701
0.03794129499765853
