0.5183992315933003
0.5183982525795543
0.5183973717662023
0.5183964759249571
0.5183955698712769
0.5183946536726867
0.518393724894134
0.5183927825319284
0.5183918260459727
0.5183908550179595
0.5183898690657172
0.5183888678161203
0.5183878508945532
0.5183868179200596
0.51838576850274
0.518384702242144
0.5183836187261333
0.5183825175299793
0.5183813982155782
0.5183802603307234
0.5183791034083997
0.5183779269660784
0.518376730505002
0.5183755135094471
0.5183742754459608
0.5183730157625663
0.5183717338879307
0.5183704292304923
0.5183691011775471
0.518367749094284
0.5183663723227726
0.5183649701808949
0.518363541961218
0.5183620869298051
0.5183606043249609
0.5183590933559026
0.5183575532013582
0.5183559830080807
0.5183543818892761
0.5183527489229378
0.5183510831500812
0.518349383572872
0.5183476491526382
0.5183458788077606
0.5183440714114317
0.5183422257892701
0.5183403407167866
0.5183384149166835
0.5183364470559786
0.5183344357429399
0.5183323795238157
0.518330276879343
0.5183281262210179
0.5183259258871106
0.5183236741383987
0.518321369153602
0.5183190090244892
0.5183165917506309
0.5183141152337707
0.5183115772717736
0.5183089755521263
0.5183063076449401
0.5183035709954162
0.5183007629157232
0.5182978805762333
0.5182949209960581
0.5182918810328151
0.5182887573715539
0.5182855465127597
0.5182822447593426
0.5182788482025116
0.5182753527064209
0.5182717538914609
0.5182680471160542
0.5182642274567988
0.5182602896867744
0.5182562282518227
0.5182520372445658
0.5182477103759139
0.5182432409437744
0.5182386217986338
0.518233845305645
0.518228903302798
0.5182237870546957
0.5182184872013836
0.5182129937016106
0.5182072957697971
0.518201381805886
0.5181952393171178
0.5181888548306303
0.5181822137956003
0.5181753004734418
0.5181680978143262
0.5181605873179997
0.5181527488765176
0.5181445605961035
0.5181359985948277
0.5181270367721981
0.5181176465460109
0.5181077965509149
0.5180974522920406
0.5180865757456934
0.5180751248974471
0.5180630532059043
0.5180503089778123
0.5180368346369948
0.5180225658654781
0.518007430590035
0.5179913477807527
0.5179742260197638
0.5179559617872881
0.5179364373978131
0.5179155185004027
0.5178930510321484
0.5178688574803507
0.5178427322638599
0.5178144359823621
0.5177836881973011
0.5177501582893096
0.517713453768915
0.5176731051762501
0.517628546354631
0.517579088363897
0.5175238845181366
0.5174618828335039
0.5173917602927519
0.5173118303186505
0.5172199098862322
0.5171131242967751
0.5169876129260114
0.5168380725632195
0.5166570244583117
0.5164335910033812
0.5161513579093281
0.5157844278682062
0.5152896370649908
0.5145899036958889
0.5135348168847418
0.5117949151207691
0.5085350752256862
0.5013695780043745
0.48536635922213056
0.4575192385119602
0.4361665559028794
0.4243759883155441
0.41665732916347736
0.4098343310771802
0.4031652158218651
0.3964556084989088
0.3897549860701574
0.3832123796577469
0.37694214004231164
0.37098636428774723
0.3653462169651797
0.3600117766776816
0.35497691493000905
0.3502412874768023
0.3458050609013472
0.34166377553866195
0.33780692137254015
0.33421947639597294
0.3308842736357864
0.32778380368325855
0.3249011142301484
0.32222003106551617
0.31972503630012333
0.3174010525239583
0.31523326541248387
0.31320703250026133
0.31130787697313494
0.3095215419209247
0.30783407312928585
0.30623190091355396
0.30470189914105944
0.3032314088070068
0.30180822173249783
0.30042052580735273
0.2990568164828511
0.2977057804189153
0.2963561570864695
0.29499658350897273
0.2936154268857132
0.2922006101766517
0.29073943745501657
0.289218429696287
0.28762318869318504
0.28593831838134237
0.2841474508406707
0.2822334504253321
0.28017890420852043
0.277967044845332
0.2755832725330767
0.273017395142946
0.27026650104454986
0.2673379362690015
0.2642512587438251
0.26103772409034026
0.25773646060320476
0.25438809868449824
0.25102817514326664
0.2476827909818274
0.24436767467018553
0.24109018973090957
0.2378529813053414
0.2346579599330799
0.23150967984021933
0.2284174952048764
0.22539611895143902
0.22246449426686932
0.2196432868359415
0.21695170157891233
0.21440450731632796
0.21200999685657893
0.20976920560387435
0.2076762782979534
0.2057195970735163
0.20388321932944095
0.2021482635223515
0.20049403117247422
0.19889879317828377
0.19734026814121441
0.19579588162499273
0.19424293506148388
0.19265885073196426
0.19102170817168726
0.18931134448871365
0.1875113183293298
0.1856119351880441
0.18361414036694312
0.1815332999068961
0.17940095741696566
0.17726242378257379
0.17516948843505997
0.17317032335946844
0.1713006392604721
0.16957940172784516
0.16800961264442224
0.1665822853921177
0.1652812151463088
0.16408696369418901
0.1629795197406236
0.1619397495518321
0.16094998480571054
0.1599940861894113
0.15905723128282265
0.1581255847733989
0.1571859447055165
0.15622542227189426
0.15523119960526252
0.154190415324032
0.15309024802110574
0.15191829985536132
0.15066341648946424
0.1493170907738116
0.14787553335347475
0.14634227551208878
0.14473074574813397
0.1430657377886707
0.14138245751535014
0.139722427085335
0.13812699258338243
0.13663063260039193
0.13525647311275413
0.13401515939965525
0.13290658167261937
0.13192304577402977
0.13105255383608688
0.13028142819314606
0.1295960634424931
0.12898391318829758
0.1284339282735823
0.12793665431231413
0.1274841442667904
0.12706978734451815
0.1266881133294303
0.1263346033248194
0.126005520862253
0.12569776784406406
0.12540876495231948
0.1251363539996682
0.12487871898377349
0.12463432261398973
0.1244018554042838
0.12418019485811076
0.12396837270482708
0.12376554853769911
0.12357098853543083
0.1233840482219785
0.12320415843920127
0.12303081388167719
0.12286356368092537
0.12270200363458174
0.12254576976093902
0.12239453292570494
0.12224799433987973
0.12210588176847718
0.12196794632189756
0.12183395972703982
0.1217037119952117
0.12157700941972814
0.12145367284867606
0.12133353618836865
0.12121644510105882
0.12110225586694762
0.12099083438574025
0.12088205529722991
0.12077580120382139
0.12067196198071253
0.12057043416174433
0.12047112039081977
0.12037392893034717
0.12027877321945597
0.12018557147580111
0.12009424633567191
0.12000472452786448
0.11991693657741097
0.11983081653578521
0.1197463017346557
0.11966333256063638
0.11958185224880999
0.11950180669307599
0.11942314427161246
0.1193458156859444
0.11926977381228802
0.11919497356399152
0.11912137176402483
0.11904892702658604
0.11897759964699045
0.11890735149909751
0.1188381459396048
0.11876994771860776
0.11870272289588055
0.11863643876238704
0.11857106376657615
0.11850656744505518
0.11844292035727395
0.11838009402388018
0.11831806086843838
0.11825679416222735
0.11819626797185519
0.11813645710944946
0.1180773370851986
0.11801888406203555
0.11796107481226902
0.11790388667597976
0.11784729752100959
0.11779128570438123
0.11773583003499379
0.11768090973744703
0.11762650441685281
0.11757259402449637
0.11751915882421562
0.11746617935936801
0.11741363642025705
0.11736151101189211
0.1173097843219552
0.11725843768884708
0.11720745256968511
0.11715681050811984
0.11710649310183828
0.11705648196961185
0.11700675871774635
0.11695730490578074
0.11690810201127626
0.11685913139352523
0.11681037425600058
0.11676181160735204
0.11671342422074237
0.11666519259129927
0.11661709689144048
0.11656911692380717
0.11652123207151786
0.11647342124542691
0.11642566282803994
0.11637793461370505
0.11633021374465569
0.11628247664244012
0.11623469893421651
0.1161868553733379
0.11613891975358263
0.11609086481631241
0.11604266214975262
0.11599428207949194
0.1159456935491875
0.11589686399033133
0.11584775917978923
0.11579834308365221
0.11574857768574782
0.11569842279893464
0.1156478358570423
0.11559677168502415
0.11554518224453598
0.11549301635175725
0.11544021936379363
0.11538673282945498
0.11533249409955565
0.11527743589113021
0.11522148579906667
0.11516456574761168
0.11510659137295998
0.11504747132666791
0.11498710648788003
0.11492538907026806
0.11486220160707894
0.1147974157946912
0.11473089117146264
0.11466247360428727
0.11459199354999497
0.11451926405229328
0.11444407842711188
0.11436620757961151
0.11428539688432976
0.11420136254541616
0.11411378733594517
0.11402231559302262
0.11392654731766882
0.11382603119385246
0.11372025629770326
0.11360864221353166
0.11349052720483967
0.11336515400227387
0.11323165266173305
0.11308901980878075
0.11293609341309069
0.11277152202064676
0.11259372710284794
0.11240085685183408
0.1121907293543945
0.11196076261473686
0.11170788838888411
0.11142844629616568
0.11111805431055413
0.11077145175672178
0.11038231181444326
0.10994302311550533
0.10944444573911648
0.10887565808188916
0.10822373108242525
0.10747359938071793
0.10660814888612749
0.10560870583753569
0.10445617904881031
0.10313313286592479
0.10162697485088862
0.09993413101007174
0.09806450416476487
0.09604477283531757
0.09391851544395359
0.09174133376911212
0.08957085888894195
0.08745459614268399
0.08542058242650759
0.08347422531541047
0.0816007887346538
0.07977049635246546
0.07794346835857308
0.07607327829634712
0.0741093640061359
0.07199951659233562
0.06969440837626549
0.06715644732514311
0.06437396374206819
0.06137707772691809
0.05824473967790356
0.05509152826057524
0.0520356327376186
0.04916621860922748
0.046528555253104925
0.04412917219725659
0.04195076134251714
0.039966559532006375
0.03814975337658466
0.036477884752301945
0.034933854660766366
0.03350514248992598
0.03218239253937932
0.030958046158797006
0.02982533408644859
0.02877769781768791
0.02780856906057519
0.026911382516412192
0.026079701358922014
0.025307367317228095
0.02458862519488564
0.023918202211298204
0.023291341833209106
0.022703801103208257
0.022151823084776857
0.02163209502346617
0.02114170037287409
0.0206780702197213
0.020238937442531885
0.019822295317650868
0.019426361204875953
0.019049545287813188
0.018690423987681636
0.018347717509582553
0.018020270939699153
0.01770703833732576
0.01740706932293817
0.01711949773216882
0.0168435319740781
0.016578446794755036
0.01632357620170496
0.016078307350263218
0.01584207523097725
0.015614358027511353
0.015394673039257201
0.015182573082537919
0.014977643300018483
0.014779498320477737
0.014587779721114762
0.014402153752589452
0.014222309293452496
0.014047956005839909
0.013878822668552367
0.013714655667114297
0.013555217623270336
0.013400286148752183
0.01324965271013351
0.013103121593260077
0.012960508957155305
0.012821641968506148
0.01268635800886576
0.012554503947600045
0.012425935474374202
0.01230051648564697
0.012178118520225927
0.012058620239450825
0.011941906948025235
0.011827870151916005
0.01171640715009389
0.011607420657204125
0.011500818454534198
0.011396513066896855
0.011294421463269486
0.01119446477923013
0.011096568059410871
0.01100066001834938
0.010906672818265314
0.010814541862418321
0.010724205602822424
0.01063560536119821
0.010548685162140541
0.010463391577566365
0.010379673581586688
0.01029748241501827
0.010216771458815846
0.010137496115764614
0.010059613699827089
0.009983083332586863
0.009907865846277368
0.009833923692923522
0.009761220859162437
0.009689722786342447
0.009619396295531732
0.009550209517095442
0.009482131824527172
0.009415133772243666
0.009349187037074411
0.00928426436319717
0.009220339510289579
0.009157387204683261
0.009095383093323514
0.009034303700350774
0.008974126386134195
0.008914829308599706
0.008856391386705693
0.008798792265930541
0.008742012285644972
0.008686032448251977
0.008630834389984118
0.00857640035325674
0.008522713160481478
0.008469756189251988
0.008417513348818559
0.008365969057775268
0.008315108222887078
0.008264916218990049
0.00821537886990159
0.008166482430282425
0.008118213568394808
0.00807055934970632
0.008023507221290645
0.007977044996980496
0.007931160843230691
0.007885843265651473
0.00784108109617557
0.007796863480823651
0.0077531798680360794
0.007710019997539895
0.007667373889722848
0.007625231835486727
0.007583584386555284
0.007542422346212462
0.007501736760448658
0.007461518909493734
0.007421760299717067
0.0073824526558757325
0.007343587913693266
0.007305158212752294
0.007267155889685427
0.007229573471649518
0.007192403670069393
0.00715563937463788
0.007119273647559567
0.007083299718026736
0.007047710976916116
0.00701250097169618
0.006977663401534902
0.006943192112598636
0.006909081093533173
0.006875324471118597
0.006841916506090028
0.006808851589116532
0.006776124236931169
0.00674372908860534
0.006711660901961049
0.006679914550114862
0.006648485018147945
0.006617367399896413
0.006586556894857088
0.006556048805203452
0.0065258385329070925
0.006495921576960434
0.006466293530696077
0.006436950079198971
0.006407886996807573
0.006379100144700061
0.006350585468562466
0.006322338996335059
0.006294356836034021
0.006266635173645342
0.0062391702710880145
0.006211958464243765
0.006184996161050781
0.0061582798396589205
0.006131806046643829
0.006105571395278068
0.006079572563856588
0.006053806294074965
0.00602826938945795
0.00600295871383685
0.005977871189873594
0.005953003797629923
0.005928353573180005
0.00590391760726487
0.005879693043987182
0.005855677079544743
0.00583186696100169
0.005808259985095506
0.005784853497079091
0.005761644889596396
0.0057386316015903644
0.005715811117242388
0.005693180964941765
0.005670738716284469
0.005648481985100097
0.005626408426505972
0.005604515735987593
0.0055828016485045704
0.00556126393762097
0.005539900414659626
0.005518708927879303
0.005497687361674065
0.005476833635794255
0.005456145704588212
0.0054356215562641206
0.0054152592121713425
0.005395056726100718
0.005375012183602983
0.005355123701325063
0.005335389426363353
0.005315807535633711
0.0052963762352575645
0.005277093759963558
0.005257958372504301
0.005238968363087937
0.0052201220488238016
0.005201417773181893
0.005182853905465794
0.0051644288402985334
0.005146140997120996
0.005127988819702724
0.005109970775664425
0.005092085356012075
0.0050743310746822435
0.00505670646809827
0.005039210094736935
0.005021840534705485
0.005004596389328619
0.0049874762807450195
0.004970478851513555
0.004953602764228324
0.004936846701142893
0.004920209363802944
0.004903689472687509
0.004887285766858264
0.004870997003616844
0.004854821958169885
0.004838759423301597
0.004822808209053714
0.004806967142412455
0.0047912350670025845
0.004775610842788104
0.004760093345779632
0.004744681467748094
0.004729374115944756
0.00471417021282725
0.004699068695791537
0.004684068516909735
0.004669168642673416
0.004654368053742521
0.0046396657446995
0.004625060723808735
0.004610552012781038
0.0045961386465429785
0.004581819673011214
0.0045675941528713635
0.004553461159361572
0.0045394197780604705
0.004525469106679545
0.004511608254859754
0.004497836343972296
0.004484152506923409
0.004470555887963143
0.004457045642498013
0.004443620936907352
0.004430280948363404
0.004417024864654993
0.004403851884014639
0.004390761214949191
0.004377752076073733
0.00436482369594875
0.0043519753129205325
0.004339206174964652
0.004326515539532473
0.0043139026734006726
0.0043013668525236064
0.004288907361888628
0.004276523495373969
0.004264214555609589
0.00425197985384045
0.004239818709792507
0.004227730451541213
0.0042157144153824174
0.004203769945705803
0.004191896394870615
0.004180093123083691
0.004168359498279815
0.004156694896004208
0.004145098699297271
0.004133570298581347
0.004122109091549645
0.0041107144830571365
0.004099385885013427
0.004088122716277632
0.004076924402555044
0.004065790376295795
0.00405472007659522
0.004043712949096044
0.004032768445892346
0.0040218860254351485
0.004011065152439775
0.004000305297794765
0.00398960593847243
0.003978966557440948
0.003968386643578032
0.003957865691586084
0.003947403201908812
0.003936998680649299
0.003926651639489503
0.0039163615956111075
0.0039061280716177595
0.0038959505954586156
0.0038858287003531978
0.0038757619247175496
0.0038657498120916105
0.0038557919110678053
0.003845887775220901
0.0038360369630389608
0.003826239037855513
0.0038164935677828453
0.003806800125646329
0.0037971582889199753
0.003787567639662931
0.0037780277644570755
0.0037685382543456536
0.003759098704772869
0.0037497087155245294
0.0037403678906695816
0.00373107583850266
0.0037218321714875434
0.0037126365062015248
0.003703488463280654
0.003694387667365919
0.003685333747050216
0.0036763263348262216
0.003667365067035095
0.003658449583815907
0.003649579529056036
0.0036407545503421763
0.003631974298912189
0.0036232384296077703
0.003614546600827745
0.00360589847448216
0.0035972937159470956
0.003588731994020136
0.0035802129808765702
0.0035717363520262418
0.0035633017862710787
0.0035549089656632836
0.003546557575464123
0.003538247304103406
0.003529977843139526
0.0035217488872201297
0.0035135601340434233
0.0035054112843199807
0.003497302041735177
0.0034892321129122096
0.0034812012073756208
0.0034732090375154023
0.0034652553185516087
0.0034573397684995334
0.0034494621081353418
0.0034416220609622995
0.0034338193531774255
0.003426053713638639
0.0034183248738324495
0.003410632567842052
0.0034029765323159407
0.0033953565064369254
0.0033877722318916563
0.003380223452840559
0.003372709915888188
0.0033652313700540584
0.0033577875667438317
0.0033503782597209836
0.003343003205078826
0.003335662161212948
0.003328354888794055
0.0033210811507411665
0.003313840712195244
0.0033066333404931426
0.0032994588051419326
0.003292316877793644
0.003285207332220271
0.003278129944289213
0.0032710844919389814
0.0032640707551553267
0.0032570885159476206
0.003250137558325619
0.003243217668276526
0.0032363286337423504
0.003229470244597631
0.0032226422926274275
0.003215844571505604
0.003209076876773427
0.0032023390058184805
0.0031956307578538245
0.0031889519338974166
0.0031823023367519403
0.003175681770984715
0.003169090042908026
0.003162526960559667
0.003155992333683733
0.003149485973711688
0.003143007693743675
0.003136557308530088
0.0031301346344533598
0.0031237394895100305
0.0031173716932930496
0.00311103106697424
0.0031047174332871023
0.0030984306165097704
0.0030921704424482113
0.003085936738419657
0.003079729333236215
0.0030735480571887188
0.0030673927420308425
0.003061263220963288
0.003055159328618285
0.0030490809010442926
0.0030430277756908117
0.0030369997913934584
0.0030309967883592527
0.0030250186081520153
0.0030190650936780176
0.0030131360891717646
0.0030072314401820227
0.003001350993557966
0.002995494597435494
0.002989662101223788
0.0029838533555919837
0.0029780682124559764
0.00297230652496552
0.0029665681474913197
0.0029608529356124342
0.002955160746103728
0.0029494914369235545
0.0029438448672015334
0.0029382208972265314
0.00293261938843473
0.0029270402033979293
0.0029214832058118896
0.0029159482604848913
0.002910435233326422
0.002904943991335982
0.002899474402592025
0.002894026336241053
0.0028885996624868513
0.002883194252579823
0.0028778099788064567
0.0028724467144789555
0.0028671043339249555
0.00286178271247736
0.002856481726464363
0.002851201253199503
0.0028459411709718823
0.0028407013590365077
0.002835481697604732
0.0028302820678348145
0.002825102351822595
0.0028199424325922513
0.0028148021940872206
0.002809681521161168
0.0028045802995691166
0.002799498415958626
0.002794435757861122
0.0027893922136832897
0.0027843676726986067
0.002779362025038936
0.002774375161686224
0.002769406974464342
0.002764457356030937
0.002759526199869458
0.0027546134002812256
0.002749718852377597
0.0027448424520722502
0.002739984096073529
0.0027351436818768664
0.0027303211077573347
0.0027255162727622528
0.0027207290767038666
0.002715959420152145
0.0027112072044276204
0.0027064723315943485
0.002701754704452911
0.0026970542265335306
0.0026923708020892352
0.0026877043360891135
0.0026830547342116405
0.0026784219028380897
0.002673805749045977
0.002669206180602668
0.002664623105958937
0.0026600564342426965
0.002655506075252734
0.0026509719394525563
0.002646453937964288
0.0026419519825626177
0.0026374659856688502
0.0026329958603449714
0.002628541520287874
0.002624102879823483
0.0026196798539011245
0.0026152723580878494
0.002610880308562832
0.0026065036221118556
0.0026021422161218405
0.0025977960085754076
0.0025934649180455894
0.0025891488636904576
0.002584847765247949
0.0025805615430306425
0.002576290117920665
0.002572033411364586
0.0025677913453684372
0.0025635638424927115
0.0025593508258474765
0.002555152219087514
0.002550967946407503
0.0025467979325372596
0.002542642102737047
0.0025385003827928946
0.0025343726990120197
0.002530258978218239
0.002526159147747466
0.0025220731354432405
0.002518000869652337
0.002513942279220351
0.0025098972934874033
0.0025058658422838355
0.0025018478559259948
0.0024978432652120086
0.002493852001417667
0.0024898739962923
0.002485909182054701
0.002481957491389122
0.0024780188574412697
